private keys

administrators:
0000000000000000000000000000010000000000000000000000000000000000
0000000000000000000000000000010000000000000000000000000000000001
0000000000000000000000000000010000000000000000000000000000000002
0000000000000000000000000000010000000000000000000000000000000003
0000000000000000000000000000010000000000000000000000000000000004


projects:
0000000000000000000000000000001000000000000000000000000000000000
0000000000000000000000000000001000000000000000000000000000000001
0000000000000000000000000000001000000000000000000000000000000002
0000000000000000000000000000001000000000000000000000000000000003
0000000000000000000000000000001000000000000000000000000000000004


funders:
0000000000000000000000000000000100000000000000000000000000000001
0000000000000000000000000000000100000000000000000000000000000002
0000000000000000000000000000000100000000000000000000000000000003
0000000000000000000000000000000100000000000000000000000000000004
0000000000000000000000000000000100000000000000000000000000000005